,host,phage,resistant,vulnerable,time
0,100000.0,100000.0,0.0,108181.81818181818,1
1,108181.81818181818,139000.0,0.0,115788.26907301066,2
2,115788.26907301066,198782.63636363635,0.0,122464.32135597228,3
3,122464.32135597228,291687.189920217,0.0,127741.30591320003,4
4,127741.30591320003,437552.7123610641,0.0,130969.94038712786,5
5,130969.94038712786,667675.8600509966,0.0,131231.94207519747,6
6,131231.94207519747,1029391.0652310335,0.0,127267.82746394043,7
7,127267.82746394043,1588389.0030690418,0.0,117546.43215180916,8
8,117546.43215180916,2420092.108944372,0.0,100763.95579987702,9
9,100763.95579987702,3572007.543187211,0.0,77149.86077854238,10
10,77149.86077854238,4978462.878841354,0.0,50291.10907160302,11
11,50291.10907160302,6362650.409126597,0.0,26993.331724951597,12
12,26993.331724951597,7294310.622192281,0.0,12368.36018753857,13
13,12368.36018753857,7529679.516988456,0.0,5461.503545742555,14
14,5462.503545742555,7233046.567662583,1.0741325471525816,2589.3290879858278,15
15,2590.4032205329804,6703308.127327795,1.1570658837331966,1367.9443062643695,16
16,1369.1013721481027,6118023.114909279,1.2479226218579318,803.521576460965,17
17,804.7694990828229,5547229.466357956,1.3466726705160865,518.077102523008,18
18,519.4237751935241,5014348.380694574,1.453651423047399,361.72272763173163,19
19,363.17637905477903,4525641.044535059,1.5693735774779383,270.2663964956844,20
20,271.83577007316234,4081098.3734738175,1.69446284806301,213.96313784616086,21
21,215.65760069422387,3678393.156507037,1.8296253033049708,178.01332128982304,22
22,179.842946593128,3314404.7722052797,1.9756400226462885,154.58736394084036,23
23,156.56300396348664,2985855.335172588,2.133357219643157,139.32547297712802,24
24,141.45883019677117,2689531.5216316557,2.3036999185190123,129.70019520084168,25
25,132.0038951193607,2422414.498700049,2.4876675301967857,124.20507535339523,26
26,126.69274288359202,2181709.8637339836,2.686340592754513,121.93269863360467,27
27,124.61903922635919,1964866.6766069042,2.9008863345069633,122.34584210563686,28
28,125.24672844014383,1769553.95827825,3.1325648977624496,125.14957903373306,29
29,128.2821439314955,1593659.4005393917,3.3827361449384186,130.21820985927437,30
30,133.60094600421277,1435269.8413191086,3.6528670100453224,137.55364759352648,31
31,141.2065146035718,1292658.6587072655,3.9445393761919196,147.26259131512666,32
32,151.20713069131858,1164264.061413172,4.259458465794362,159.54573086009682,33
33,163.80518932589118,1048677.7727308827,4.599461727358864,174.69505490686416,34
34,179.29451663422302,944629.8245600613,4.9665281942756305,193.0972287071344,35
35,198.06375690141004,850975.4506834892,5.362788275824304,215.24194269826904,36
36,220.60473097409334,766683.0785211418,5.790533918712915,241.7347678790098,37
37,247.52530179772273,690823.380209776,6.2522290473280995,273.31446626302403,38
38,279.56669531035215,622559.3227331544,6.750520150504245,310.8750023175881,39
39,317.62552246809236,561137.1473579875,7.28824682933754,355.4927380159198,40
40,362.78098484525736,505878.2058309171,7.86845205090031,408.45950142956445,41
41,416.32795348046477,456171.58178744314,8.494391762233901,471.3224153325489,42
42,479.8168070947828,411467.42893132864,9.169543402174865,545.9315690132637,43
43,555.1011124154386,371270.96176812524,9.897612698529644,634.4968190571202,44
44,644.3944317556499,335137.03943087964,10.68253794644231,739.6552146201127,45
45,750.337752566555,302665.28807658056,11.528490720340109,864.5507566114055,46
46,876.0792473317456,273494.77463250526,12.439871664562526,1012.9284908700245,47
47,1025.368362534587,247303.90272950995,13.421299621711329,1189.2446582982902,48
48,1202.6659579200016,223800.9681845515,14.477591884536045,1398.7958951592157,49
49,1413.2734870437516,202725.0264851801,15.613732760754369,1647.8690910052708,50
50,1663.4828237660251,183842.0214176403,16.834826936165335,1943.914482381807,51
51,1960.7493093179723,166942.26244101435,18.146033268859785,2295.7438525169077,52
52,2313.8898857857675,151838.1914571482,19.55247365932616,2713.7551330040287,53
53,2733.307606663355,138362.42212504704,21.059110525084478,3210.183567116378,54
54,3231.2426776414627,126366.04040550024,22.67058520465086,3799.377750369049,55
55,3822.0483355736997,115717.16147807159,24.391008407934418,4498.09603909781,56
56,4522.487047505744,106299.7460526771,26.22369276968052,5325.8146723764685,57
57,5352.038365146149,98012.68913412497,28.17081689843702,6305.033086094508,58
58,6333.203902992945,90769.2075682735,30.233010430653348,7461.553875495078,59
59,7491.7868859257305,84496.57081033722,32.40885105974828,8824.704275292692,60
60,8857.11312635244,79136.24473474348,34.69426808724343,10427.452607264877,61
61,10462.14687535212,74644.5546517515,37.08185373404698,12306.35695910899,62
62,12343.438812843038,70994.02671108185,39.560094427771254,14501.265089127222,63
63,14540.825183554995,68175.64542986202,42.11255074359673,17054.665881111407,64
64,17096.778431855004,66202.38311117962,44.71703752046808,20010.5767086036,65
65,20055.29374612407,65114.53647008471,47.3448849471147,23412.842670448703,66
66,23460.187555395816,64987.68201478725,49.96039549424708,27302.729414252906,67
67,27352.689809747153,65944.4910485024,52.520646189945786,31715.718623943747,68
68,31768.239270133694,68172.31846139579,54.97581310049478,36677.47028971913,69
69,36732.446102819624,71949.54355954743,57.27020348569844,42198.9991607706,70
70,42256.2693642563,77685.33271028704,59.344157077876815,48271.213273323156,71
71,48330.55743040103,85980.19155950172,61.136908763972606,54859.0506152454,72
72,54920.18752400938,97718.976407396,62.59038574289079,61895.47274118127,73
73,61958.063126924164,114214.85310339261,63.65375333493077,69275.45598185726,74
74,69339.10973519219,137433.34119485875,64.2883562154098,76849.7763639644,75
75,76914.06472017981,170341.7182294545,64.4725767702582,84417.7472649504,76
76,84482.21984172067,217452.08886830544,64.20610835098924,91717.1469942821,77
77,91781.35310263309,285655.2758350436,63.513263733631305,98408.5571671172,78
78,98472.07043085083,385467.23417646816,62.445215202801876,104050.83956359462,79
79,104113.28477879742,532793.5550762983,61.08144277291022,108066.12641042711,80
80,108127.20785320002,751160.521495498,59.53103373622986,109700.2673014153,81
81,109759.79833515153,1073804.007911177,57.93462380920685,108005.95072176267,82
82,108063.88534557188,1543627.8819362763,56.46731613712857,101921.05587484183,83
83,101977.52319097896,2206198.9787934753,55.34114820373688,90582.11443542123,84
84,90637.45558362496,3087384.9149184097,54.80138221371866,74023.08763765178,85
85,74077.8890198655,4148991.5064062974,55.103538948022695,54107.4251417242,86
86,54162.52868067222,5238988.049009941,56.45412395595773,34702.518640871946,87
87,34758.9727648279,6104083.197141892,58.92237272369249,19773.026196576335,88
88,19831.948569300028,6531629.476005527,62.39867522375788,10602.357944876752,89
89,10664.75662010051,6511299.930232715,66.67944914496509,5757.909574917237,90
90,5824.589024062202,6198442.086688656,71.59678323875171,3321.140308461191,91
91,3392.737091699943,5753479.216318313,77.06307115793402,2067.5425678738898,92
92,2144.6056390318236,5271762.042208602,83.05000733651323,1388.1148794537598,93
93,1471.1648867902732,4797993.099114888,89.56224709033297,998.2526997846617,94
94,1087.8149468749946,4350826.7871006215,96.6221198713648,762.7510490977788,95
95,859.3731689691436,3937024.011041426,104.26228924715967,614.4762750191157,96
96,718.7385642662754,3558036.158991534,112.52239820000239,518.3660797949389,97
97,630.8884779949412,3212945.5542386463,121.44757018329346,455.2039136951118,98
98,576.6514838784053,2899810.9213280245,131.08778383289138,414.005431551262,99
99,545.0932153841534,2616297.8550690073,141.4976771157343,388.2787175114723,100
100,529.7763946272066,2359975.5610226244,152.7365750529338,374.1034414221242,101
101,526.8400164750581,2128467.0487458836,164.8686416592805,369.10298669401544,102
102,533.971628353296,1919522.0514259534,177.96310574266275,371.8748811763389,103
103,549.8379869190017,1731041.5027621698,192.09453333057115,381.66691712712054,104
104,573.7614504576917,1561091.6336663924,207.34313050171775,398.1901312878198,105
105,605.5332617895375,1407901.0616790797,223.7950655858186,421.51168733944127,106
106,645.3067529252598,1269857.955823264,241.5428016316707,451.99635154533195,107
107,693.5391531770026,1145494.9340921757,260.6854302096911,490.2796406352798,108
108,750.9650708449709,1033480.5374848644,281.32899637677156,537.2626566211803,109
109,818.5916529979519,932615.2866223337,303.58680246445556,594.1229072430685,110
110,897.7097097075241,841808.948855932,327.5796752064763,662.339102444547,111
111,989.9187776510233,760078.7300725227,353.43617611555646,743.7277065249656,112
112,1097.163882640522,686535.8354595815,381.29272959317797,840.4915186566675,113
113,1221.7842482498454,620384.1709531557,411.2936358749149,955.279913038084,114
114,1366.5735489129988,560900.7492644156,443.59092711737173,1091.2628827571837,115
115,1534.8538098745553,507436.17871097755,478.34401315573876,1252.2188597014679,116
116,1730.5628728572067,459405.9175491374,515.7190499674989,1442.6383798013694,117
117,1958.3574297688683,416284.18188986974,555.8879466744102,1667.8450652166189,118
118,2223.733011891029,377598.4466356056,599.0269065013649,1934.1355066987603,119
119,2533.1624132001252,342924.50293073285,645.3143729073274,2248.9394334725407,120
120,2894.2538063798684,311882.0386781128,694.9282240822029,2621.0010962302567,121
121,3315.92932031246,284130.7135056391,748.0420275169098,3060.581950891033,122
122,3808.623978407943,259366.70602177293,804.820132463457,3579.683367250392,123
123,4384.503499713849,237319.7194092459,865.4113439940994,4192.286002820323,124
124,5057.697346814422,217750.44178454138,929.9408919318097,4914.599433946533,125
125,5844.540325878343,200448.47103917348,998.5003875061695,5765.311331934647,126
126,6763.811719440816,185230.73125254852,1071.1354599296822,6765.819585128774,127
127,7836.955045058456,171940.43101346667,1147.8307983579916,7940.422970731515,128
128,9088.253769089508,160446.64579668935,1228.492411438081,9316.436007036302,129
129,10544.928418474383,150644.6509531386,1312.9270822521028,10924.181372796269,130
130,12237.108455048372,142457.1949848202,1400.8192714812335,12796.799006448757,131
131,14197.61827792999,135836.9938421207,1491.7061388573902,14969.795494820586,132
132,16461.501633677977,130770.86012631402,1584.9519409999104,17480.24225408473,133
133,19065.19419508464,127286.07797426889,1679.7238351683075,20365.518982755504,134
134,22045.242817923812,125459.92842179844,1774.972052098238,23661.493748794706,135
135,25436.465800892944,125433.71269348008,1869.4184185939723,27400.03748133792,136
136,29269.455899931894,127433.29156717802,1961.558152249084,31605.79291904796,137
137,33567.351071297046,131799.17954048383,2049.680460816796,36292.158132154786,138
138,38341.83859297158,139030.78770617454,2131.9134175329027,41456.498645618645,139
139,43588.41206315155,149851.77286564268,2206.2974869408613,47074.65589401804,140
140,49280.953380958905,165307.01169143393,2270.8896775628546,53094.84540254533,141
141,55365.735080108185,186906.9869142796,2323.8966078254566,59430.99405326681,142
142,61754.89066109227,216842.89633971092,2363.830257366447,65955.4051425482,143
143,68319.23539991464,258305.83223174652,2389.675850964245,72490.33530741876,144
144,74880.011158383,315955.9115046587,2401.05862258992,78797.65787149698,145
145,81198.7164940869,396588.6951941286,2398.396587822157,84565.54934722344,146
146,86963.9459350456,510056.10124080646,2383.0305729411175,89391.50386736132,147
147,91774.53444030244,670403.0456734517,2357.3301424325664,92763.6318681423,148
148,95120.96201057486,897011.5897111514,2324.7811357322803,94049.29366317249,149
149,96374.07479890477,1215039.6898982057,2290.0611062436724,92515.67714572858,150
150,94805.73825197225,1653476.4814858525,2259.091186982743,87432.4636759656,151
151,89691.55486294834,2237697.065350349,2238.9991654548708,78328.78881353528,152
152,80567.78797899015,2972602.4589972044,2237.8226758118735,65438.29303366057,153
153,67676.11570947245,3816261.9292606837,2263.653231833161,50158.45555633723,154
154,52422.108788170386,4658313.101793416,2322.97047920711,34990.492210037606,155
155,37313.46268924472,5337389.365964736,2418.563151623976,22474.21188233093,156
156,24892.775033954906,5718766.046423723,2548.6063199805035,13773.712352542207,157
157,16322.31867252271,5776660.764962107,2708.2892651360216,8434.183026469776,158
158,11142.472291605798,5588866.446194991,2892.720349999668,5347.680992707715,159
159,8240.401342707382,5260949.719195458,3098.6042354969345,3574.3748264368937,160
160,6672.979061933828,4872710.763278883,3324.3095264711606,2530.6731936134784,161
161,5854.982720084639,4470780.551440374,3569.3557722206674,1894.3082407144132,162
162,5463.664012935081,4079142.5103270225,3833.956782299722,1492.3011296427087,163
163,5326.257911942431,3709088.457212486,4118.735875340467,1230.6986476974428,164
164,5349.4345230379095,3365301.4882749887,4424.565820219569,1057.0167363446783,165
165,5481.582556564247,3049065.5322019905,4752.479974508449,940.9707450165741,166
166,5693.4507195250235,2759948.4687519055,5103.621156921071,864.5396037062266,167
167,5968.160760627297,2496679.0726342737,5479.210043096315,816.7253824639558,168
168,6295.93542556027,2257587.7072574277,5880.523450630359,790.7092859862121,169
169,6671.232736616571,2040860.9634190146,6308.87733765453,782.2597349131468,170
170,7091.137072567676,1844682.1328815056,6765.611645111645,788.8160237198504,171
171,7554.427668831495,1667284.720319063,7252.0752984296705,808.9499839730987,172
172,8061.025282402769,1507000.6347142623,7769.610297263388,842.0434334319868,173
173,8611.653730695374,1362274.1031254039,8319.534173541235,888.0947592644341,174
174,9207.628932805668,1231667.453231912,8903.120279546336,947.6047769193104,175
175,9850.725056465646,1113860.5112195432,9521.575479754596,1021.5131331614876,176
176,10543.088612916084,1007646.4078497306,10176.014891408491,1111.1682109616115,177
177,11287.183102370103,911925.4548568449,10867.433372394149,1218.3201924441382,178
178,12085.753564838287,825698.0919945582,11596.673504043918,1345.1308451915613,179
179,12941.80434923548,748057.5096209664,12364.389869775132,1494.1959002130516,180
180,13858.585769988184,678182.3112866946,13171.009494598915,1668.5772365962832,181
181,14839.586731195199,615329.432580721,14016.68839110292,1871.8428413036575,182
182,15888.531232406578,558827.4402752873,14901.264259797024,2108.1128779020687,183
183,17009.37713769909,508070.2782514149,15824.205520970147,2382.1102915045767,184
184,18206.315812474724,462511.4909589327,16784.55701682692,2699.214264210499,185
185,19483.771281037418,421658.93343754625,17780.882922143133,3065.514551888275,186
186,20846.397474031408,385069.96435184707,18811.20764439303,3487.8642988353554,187
187,22299.071943228388,352347.1120548192,19872.955785166454,3973.9283530667813,188
188,23846.884138233236,323134.20152271265,20962.89257748232,4532.223400824417,189
189,25495.115978306734,297111.9906183031,22077.066609998197,5172.1458315038135,190
190,27249.21244150201,273999.0233475472,23210.757087979597,5903.979904492391,191
191,29114.73699247199,253543.21925436385,24358.428418075735,6738.883653069087,192
192,31097.31207114482,235523.776278778,25513.695345281463,7688.841352103598,193
193,33202.53669738506,219748.51854768358,26669.302478662525,8766.575914369749,194
194,35435.878393032275,206052.7630256326,27817.12250656868,9985.411548947819,195
195,37802.5340555165,194298.73495127558,28948.177828873053,11359.076692053946,196
196,40307.254520927,184375.61033259728,30052.690605892516,12901.436861414795,197
197,42954.12746730731,176200.29911910745,31120.166265779815,14626.147141616415,198
198,45746.31340739623,169719.1306740298,32139.515230543955,16546.214555384493,199
199,48685.729785928444,164910.66879875617,33099.21691799227,18673.461628601763,200
200,51772.678546594034,161789.9737301198,33987.52886491531,21017.883919779557,201
201,55005.41278469487,160414.752802183,34792.742036480515,23586.895893464203,202
202,58379.637929944714,160894.01292370513,35503.481031525815,26384.460772037357,203
203,61887.94180356317,163400.0642616289,36109.04503626149,29410.100104193592,204
204,65519.145140455075,168185.04850519673,36599.782197270404,32657.776608217315,205
205,69257.55880548772,175603.60530625287,36967.486876791554,36114.63793777734,206
206,73082.1248145689,186143.8790127045,37205.806437073945,39759.597759787255,207
207,76965.4041968612,200469.83320633258,37310.642287535215,43561.71250793823,208
208,80872.35479547345,219478.7895488509,37280.52946470528,47478.28694910484,209
209,84758.81641381013,244379.1830603607,37116.98048695308,51452.6113976855,210
210,88569.59188463858,276794.51914519,36824.78293051335,55411.205717894285,211
211,92235.98864840763,318901.8913005458,36412.24605148649,59260.428793690524,212
212,95672.67484517701,373598.3198536237,35891.39953787952,62882.425081059424,213
213,98773.82461893895,444722.51136078895,35278.153367325634,66130.43145819432,214
214,101408.58482551995,537280.8872369865,34592.43568793081,68824.10134211845,215
215,103416.53703004925,657652.8212606823,33858.32030714604,70746.34333360434,216
216,104604.66364075037,813673.1247846531,33104.13864376946,71644.79273041472,217
217,104748.93137418418,1014372.3637181624,32362.529367463558,71243.6095354181,218
218,103606.13890288166,1269041.166321584,31670.294758967815,69274.0112742802,219
219,100944.30603324802,1585151.3090445795,31067.800752722458,65532.68332316348,220
220,96600.48407588594,1964709.1474456734,30597.49225007486,59970.75024551718,221
221,90568.24249559204,2399126.278371338,30300.984699923,52795.5590180198,222
222,83096.5437179428,2864214.9244877608,30214.35500438548,44532.399528712536,223
223,74746.75453309802,3318761.7896608077,30362.039491724187,35970.926802630755,224
224,66332.96629435493,3711070.49788795,30751.185312234225,27961.29218707224,225
225,58712.477499306464,3994067.6097699082,31369.499125634633,21144.19349452844,226
226,52513.69262016307,4141889.376906237,32188.710981370452,15786.342038218625,227
227,47975.053019589075,4156827.3002649765,33172.36203258197,11814.690296880692,228
228,44987.05232946266,4062687.948261839,34283.82286203992,8973.9756556734,229
229,43257.798517713316,3891616.2128554136,35491.25512755459,6974.732306442178,230
230,42465.98743399677,3673576.630636704,36769.11860895207,5570.884304279547,231
231,42340.00291323162,3431767.8142419076,38097.595781300835,4579.372379996437,232
232,42676.96816129727,3182268.1830615313,39461.314194330516,3872.692959537711,233
233,43334.007153868224,2935448.0407693204,40848.10716190116,3364.620180419303,234
234,44212.72734232047,2697604.988936886,42248.05404080359,2997.3802426365323,235
235,45245.43428344012,2472319.9293476217,43652.80810372325,2732.1889257055736,236
236,46384.99702942882,2261398.3879832416,45055.14976405496,2542.821194086971,237
237,47597.97095814193,2065533.530582974,46448.6979682434,2411.3803759352004,238
238,48860.078344178604,1884711.5650482455,47827.72730267039,2325.5540498284545,239
239,50153.281352498845,1718509.7153064723,49187.05336078044,2276.825849560447,240
240,51463.879210340885,1566241.5311935178,50521.96150526636,2259.3121323092614,241
241,52781.27363757562,1427091.0681780612,51828.16202377804,2268.989962267284,242
242,54097.15198604532,1300180.7577650547,53101.76095269566,2303.182625336116,243
243,55404.94357803177,1184617.2242472442,54339.239339247164,2360.2127171229727,244
244,56699.45205637014,1079524.6118844647,55537.43628065806,2439.165160718164,245
245,57976.601441376224,984055.928397295,56693.53282614568,2539.7260161771164,246
246,59233.2588423228,897411.6827476154,57805.034859986285,2662.0701494067675,247
247,60467.10500939305,818838.4954825414,58869.75404883702,2806.7854378762977,248
248,61676.53948671332,747635.6929627323,59885.78630877777,2974.8205883818982,249
249,62860.60689715967,683154.5432480964,60851.4877621558,3167.4506178719557,250
250,64018.93838002775,624797.1737047621,61765.44835112294,3386.2548795817534,251
251,65151.7032307047,572014.6258843752,62626.46345763253,3633.1041972249654,252
252,66259.5676548575,524303.4253067393,63433.503985341726,3910.15496191954,253
253,67343.65894726127,481206.842754062,64185.68539746592,4219.846704626887,254
254,68405.53210209281,442305.96576578746,64882.23632919113,4564.904955844859,255
255,69447.14128503599,407221.03971236915,65522.46719863846,4948.344998542238,256
256,70470.8121971807,375607.66991843795,66105.73942626541,5373.477071232503,257
257,71479.21649749791,347154.2209673837,66631.43575826265,5843.911729144252,258
258,72475.3474874069,321579.38257873955,67098.93219225596,6363.564382521111,259
259,73462.49657477708,298628.0509328853,67507.5719914435,6936.6590821115005,260
260,74444.231073555,278076.906099434,67856.64219901962,7567.724963060597,261
261,75424.36716208022,259720.94650096912,68145.35341832755,8261.59473221901,262
262,76406.94815054655,243379.78563317124,68372.82295348066,9023.393224894728,263
263,77396.21617837538,228894.26232894056,68538.06211765422,9858.519472026372,264
264,78396.58158968059,216125.31048203606,68639.96821832552,10772.619281793468,265
265,79412.58750011899,204953.08978457845,68677.32184546476,11771.546046995778,266
266,80448.86789246053,195276.40067981544,68648.79014384268,12861.307142883346,267
267,81510.09728672603,187012.41581005472,68552.93680692672,14047.99289220646,268
268,82600.92969913318,180096.7724134513,68388.23958155718,15337.68464191602,269
269,83725.9242234732,174484.08624809628,68153.11611282574,16736.338013049583,270
270,84889.45412587532,170148.96888382692,67845.95897944056,18249.636840677744,271
271,86095.59582011831,167087.65820892097,67465.18076290179,19882.8126949726,272
272,87347.99345787439,165320.40889410215,67009.26995066619,21640.424135669276,273
273,88649.69408633547,164894.83815571072,66476.85838690014,23526.088950726127,274
274,90002.94733762628,165890.48609395305,65866.80084968045,25542.161492023097,275
275,91408.96234170355,168424.93371099286,65178.26715022269,27689.34574256613,276
276,92867.61289278882,172661.93093492795,64410.84692400531,29966.232793896914,277
277,94377.07971790222,178822.127762393,63564.66703035959,32368.74881451708,278
278,95933.41584487667,187197.17998137014,62640.52122168832,34889.49618183042,279
279,97530.01740351875,198168.22062148742,61640.011522847024,37516.96612174239,280
280,99156.97764458941,212229.9465053329,60565.70062206391,40234.59603518497,281
281,100800.29665724888,230021.84804879248,59421.27456765732,43019.639231997775,282
282,102440.9137996551,252368.3603079116,58211.71523096459,45841.81053550756,283
283,104053.52576647216,280329.82376580464,56943.48234230417,48661.67148776491,284
284,105605.15383006907,315265.8920649929,55624.705363069304,51428.730285170896,285
285,107053.4356482402,358911.9926862164,54265.385804920836,54079.26628252723,286
286,108344.65208744806,413466.89495066076,52877.61037050636,56533.96783204241,287
287,109411.57820254876,481686.1383797225,51475.77357419694,58695.61830130113,288
288,110171.39187549807,566953.5049380201,50076.80423669875,60447.39920396407,289
289,110524.20344066282,673318.8183943097,48700.3780809757,61652.72372446131,290
290,110353.101805437,805418.7564492876,47369.08307990663,62158.283117094914,291
291,109527.36619700154,968192.5551663076,46108.47040361844,61802.73072484954,292
292,107911.20112846798,1166262.115733542,44946.87659551308,60433.95757015031,293
293,105380.8341656634,1402819.003277228,43914.843846368916,57937.460730675746,294
294,101852.30457704466,1677949.8331505219,43043.90992972881,54275.27570779704,295
295,97319.18563752585,1986513.9974098608,42364.540174423935,49528.40711255676,296
296,91892.94728698069,2316174.7127122832,41903.10368984595,43925.95834851554,297
297,85829.06203836149,2646667.81760467,41678.15503121503,37837.823118535394,298
298,79515.97814975042,2951662.3954046518,41696.842237445904,31715.083864370336,299
299,73411.92610181624,3203751.106016659,41952.756925275775,25989.442131286232,300
300,67942.199056562,3381253.446953643,42426.432366212844,20974.5822369884,301
301,63401.01460320124,3473725.8671332663,43088.6808704122,16817.27170832642,302
302,59906.95257873862,3483369.029877748,43906.547859528306,13513.119874874441,303
303,57419.66773440275,3422075.917784997,44844.13628307985,10962.016306061225,304
304,55806.15258914108,3306455.7223136076,45871.741765245286,9026.162037014408,305
305,54897.903802259694,3153411.731356604,46963.29467325537,7569.522974660687,306
306,54532.817647916054,2977540.2639785134,48097.46780592858,6476.395529547947,307
307,54573.863335476526,2790225.1788178594,49257.11421114395,5655.947539928066,308
308,54913.06175107201,2599748.610121261,50428.500012817676,5039.972548546938,309
309,55468.472561364615,2411823.5537127834,51600.57493870491,4578.454718087504,310
310,56179.02965679241,2230203.305522355,52764.36983596469,4235.131593658149,311
311,56999.50142962284,2057215.388283361,53912.531979217856,3983.824134360096,312
312,57896.35611357795,1894185.4810958297,55038.97825251992,3805.645755854624,313
313,58844.62400837454,1741742.831975513,56138.6393857267,3686.9708707751715,314
314,59825.610256501874,1600047.0306646253,57207.27065834074,3617.9842498891007,315
315,60825.25490822984,1468949.0288884237,58241.309796449765,3591.654362674187,316
316,61832.96415912395,1348095.8348065815,59237.767806518765,3603.010959073128,317
317,62840.778765591895,1237011.5333292142,60194.14244280729,3648.6335651170216,318
318,63842.776007924316,1135148.5406178043,61108.34730878281,3726.2895052470844,319
319,64834.636814029895,1041928.2177828134,61978.651719057125,3834.6750254097406,320
320,65813.32674446687,956759.7743019421,62803.62815601207,3973.232125219756,321
321,66776.86028123183,879061.2246497263,63582.1050623574,4142.016278191026,322
322,67724.12134054842,808269.4022440388,64313.123675740455,4341.601860491125,323
323,68654.72553623158,743847.0006238016,64995.898029596836,4573.014429851748,324
324,69568.91245944859,685286.7894183839,65629.77761811674,4837.682376411223,325
325,70467.45999452796,632113.859721871,66214.21245997373,5137.402536098953,326
326,71351.61499607268,583886.5075370865,66748.72045349347,5474.315769691301,327
327,72223.03622318477,540195.2380988913,67232.85702170606,5850.889955380553,328
328,73083.74697708662,500665.99091112317,67666.1870874399,6269.905590954845,329
329,73936.09267839475,464951.2352210638,68048.25962425288,6734.447909451404,330
330,74782.70753370429,432740.5934102035,68378.58469349115,7247.893493517888,331
331,75626.47818700904,403746.45209385105,68656.61357969196,7813.903092151287,332
332,76470.51667184324,377710.73217195953,68881.7218100097,8436.407745614353,333
333,77318.12955562405,354401.4947392439,69053.19562894208,9119.591951230046,334
334,78172.78758017212,333611.73529016925,69170.22219289867,9867.871063371756,335
335,79038.09325627043,315158.3359514941,69231.88387436149,10685.861014302507,336
336,79917.74488866399,298881.2172925538,69237.15712442432,11578.338222115903,337
337,80815.49534654022,284642.7309873899,69184.91640462918,12550.187283358722,338
338,81735.10368798791,272327.3379666608,69073.94376151395,13606.333732227475,339
339,82680.27749374142,261841.6237299093,68902.94467645025,14751.658785083526,340
340,83654.60346153377,253114.71349246003,68670.57087457644,15990.892575969061,341
341,84661.4634505455,246099.16538914625,68375.45081449648,17328.48192070253,342
342,85703.932735199,240772.4409024217,68016.22859891305,18768.428115194853,343
343,86784.6567141079,237139.07916916657,67591.6120392469,20314.089664197807,344
344,87905.7017034447,235233.73727963094,67100.43056864651,21967.944130177744,345
345,89068.37469882425,235125.30378426742,66541.70362276745,23731.30246266512,346
346,90273.00608543257,236922.34913774757,65914.71999349637,25603.968186529077,347
347,91518.68818002545,240780.24626898268,65219.12850770631,27583.832666662995,348
348,92802.9611743693,246910.3774926212,64455.0401955617,29666.396320444062,349
349,94121.43651600576,255591.93897181243,63623.14189992412,31844.204167768657,350
350,95467.34606769278,267187.954688089,62724.82105338084,34106.17975735449,351
351,96831.00081073534,282161.25934253464,61762.30129124581,36436.85437055931,352
352,98199.15566180513,301101.00230360136,60738.7877241157,38815.46228453101,353
353,99554.2500086467,324749.6515948935,59658.62142911922,41214.904999677114,354
354,100873.52642879635,354040.6949170454,58527.44170573543,43600.56762797855,355
355,102128.00933371398,390136.2180997667,57352.35517733311,45929.025184686,356
356,103281.38036201912,434472.3830405651,56142.10907030375,48146.68484835764,357
357,104288.7939186614,488804.1205478398,54907.26531849071,50188.49446701157,358
358,105095.75978550229,555241.7684215736,53660.36926562817,51976.96037611695,359
359,105637.3296417451,636264.6588485875,52416.1017841689,53421.895744338995,360
360,105837.99752850791,734686.5974760422,51191.395171283264,54421.56983771261,361
361,105612.96500899589,853534.8567225665,50005.47979693426,54866.22809579358,362
362,104871.70789272783,995790.8344391508,48879.80911710742,54645.208649880915,363
363,103525.01776698834,1163924.6575796271,47837.786182046286,53658.91923597718,364
364,101496.70541802346,1359186.4300759463,46904.18847599089,51836.247275651825,365
365,98740.43575164273,1580637.9139709503,46104.17275587597,49156.34411656772,366
366,95260.51687244368,1824052.6074322015,45461.78688032858,45670.629410574154,367
367,91132.41629090275,2081000.0718242868,44997.949377540725,41517.13972380508,368
368,86515.08910134579,2338600.3430686714,44728.11685300784,36917.45135505671,369
369,81645.56820806456,2580492.6565815494,44660.05551183249,32149.55197526943,370
370,76809.60748710192,2789243.669284891,44792.35701570374,27499.9115281774,371
371,72292.26854388115,2949718.6397490674,45114.30505995881,23210.270558975753,372
372,68324.57561893456,3052223.3117034957,45607.3172136245,19439.81469454994,373
373,65047.13190817444,3094132.8832135038,46247.58998712572,16255.469007689127,374
374,62503.05899481485,3079454.4436988644,47009.1336927777,13647.739702445388,375
375,60656.87339522309,3016793.5196240824,47866.379582060326,11558.91851669617,376
376,59425.298098756495,2916859.9682375873,48795.90570947242,9910.210346241498,377
377,58706.116055713916,2790384.707053496,49777.25992773953,8620.82719433911,378
378,58398.087122078636,2646851.7467495725,50793.11270956673,7618.293702094184,379
379,58411.406411660915,2493979.32021351,51829.02547432875,6842.297526093309,380
380,58671.32300042206,2337686.105715399,52873.05792337263,6244.849087611884,381
381,59117.90701098451,2182302.4091912126,53915.349357900566,5788.783235233864,382
382,59704.13259313443,2030858.5076833947,54947.7390027112,5445.784098169001,383
383,60393.5231008802,1885389.3645856825,55963.447365367414,5194.485307344727,384
384,61157.93267271214,1747174.5721961285,56956.81954584965,5018.871310640598,385
385,61975.69085649025,1616944.6823470509,57923.12172107697,4907.006713923427,386
386,62830.1284350004,1495035.3540276599,58858.380310960994,4850.063116221402,387
387,63708.4434271824,1381504.01248778,59759.25383172249,4841.58756631168,388
388,64600.84139803417,1276216.2465970055,60622.92918386949,4876.958204927736,389
389,65499.88738879723,1178909.1575572754,61447.03595315062,4952.981074418675,390
390,66400.0170275693,1089237.4740526956,62229.573906924845,5067.5918450493045,391
391,67297.16575197414,1006806.9199771683,62968.85015018214,5219.63492371179,392
392,68188.48507389393,931198.2788210056,63663.42337567997,5408.699385437613,393
393,69072.12276111759,861983.3463458117,64312.05335003914,5634.997166891268,394
394,69947.05051693041,798741.253542265,64913.65423229398,5899.269620062997,395
395,70812.92385235698,741060.9531841595,65467.25080902212,6202.7190364933995,396
396,71669.96984551552,688551.1253267955,65971.93661520307,6546.953935395928,397
397,72518.890550599,640843.2597234369,66426.83329437242,6933.945553663358,398
398,73360.77884803578,597594.474967784,66831.05039302477,7365.991067441203,399
399,74197.04146046597,558489.5276635385,67183.64471427663,7845.68013915602,400
400,75029.32485343264,523242.3762252536,67483.57816242779,8375.861687590079,401
401,75859.43985001786,491597.6111841317,67729.67270903631,8959.607833834762,402
402,76689.28054287107,463332.0396913405,67920.56067810472,9600.171795284838,403
403,77520.73247338957,438256.71409131185,68054.62794643486,10300.93607042921,404
404,78355.56401686407,416219.72342220205,68129.94683424242,11065.346539173663,405
405,79195.29337341609,397112.12554116704,68144.18804009467,11896.824974535766,406
406,80041.01301463043,380864.7801491273,68094.53608780287,12798.663791497838,407
407,80893.19987930071,367471.3380806162,67977.54202142413,13773.869925862553,408
408,81751.41194728669,356985.7675158296,67788.95984780739,14824.973816721777,409
409,82613.93366452916,349543.0361606589,67523.52524810196,15953.76838141475,410
410,83477.2936295167,345378.5679457194,67174.66451404495,17160.96239333325,411
411,84335.6269073782,344856.14499830606,66734.1112250597,18445.717397945267,412
412,85179.82862300497,348505.74469006184,66191.40316331276,19805.02812791352,413
413,85996.43129122628,357074.4832810522,65533.227616209704,21232.89365469241,414
414,86766.1212709021,371594.5394748817,64742.581976192974,22719.21176823541,415
415,87461.79374442837,393472.43486874836,63797.7232389517,24248.31466842783,416
416,88046.03790737953,424603.86810665263,62670.90378800949,25797.056194210927,417
417,88467.95998222042,467516.4439250948,61326.948119840104,27332.373325875145,418
418,88659.32144571525,525537.2255897952,59721.84319449135,28808.30523249006,419
419,88530.14842698141,602970.7547079165,57801.73488836962,30162.609434056892,420
420,87964.3443224265,705241.7704629449,55503.09559448521,31313.46931611052,421
421,86816.56491059573,838933.8095869145,52755.38791262801,32157.37733233103,422
422,84912.76524495904,1011550.8510869553,49488.24260173402,32570.33347735977,423
423,82058.5760790938,1230772.2438399573,45645.6665571735,32415.744125679634,424
424,78061.41068285314,1502864.5007880237,41209.28812434052,31563.365038686643,425
425,72772.65316302716,1829976.4122295184,36229.4639361239,29922.478542531553,426
426,66151.94247865546,2206370.4154303977,30855.918099399078,27486.67046617073,427
427,58342.58856556981,2614539.201395545,25349.49202791548,24375.383824821045,428
428,49724.87585273653,3023525.953008777,20051.804719340184,20844.033072114355,429
429,40895.837791454534,3392401.510546778,15305.065349631146,17236.793641746797,430
430,32541.858991377943,3680170.416551943,11351.819636050614,13888.752733422294,431
431,25240.57236947291,3858586.4710312234,8273.0181411738,11029.028937379691,432
432,19302.047078553493,3920451.963797025,6000.607075696477,8742.214277664896,433
433,14742.821353361374,3878378.783120334,4383.0672013843,6996.94064997648,434
434,11380.00785136078,3756293.9483493036,3253.178703619993,5703.170077663727,435
435,8956.348781283721,3580181.247094269,2467.548964306238,4759.339532272801,436
436,7226.8884965790385,3372378.6034497046,1918.327356920883,4076.715986342928,437
437,5995.04334326381,3149692.524994613,1529.9444855889656,3586.5176678702137,438
438,5116.46215345918,2923742.4134945343,1251.2904904007044,3238.6454125325945,439
439,4489.935902933298,2702085.678161663,1048.2695831784395,2997.8048050301923,440
440,4046.0743882086313,2489378.995865745,898.1496711557855,2839.609264185134,441
441,3737.75893534092,2288291.389164862,785.6668546170391,2747.4763698882116,442
442,3533.1432245052506,2100190.2417340637,700.45271617159,2710.373201011405,443
443,3410.825917182995,1925575.38090231,635.3672559633995,2721.263294947306,444
444,3356.6305509107056,1764419.85253533,585.4198264005465,2776.052672567018,445
445,3361.472498967564,1616346.753917853,547.0703281328143,2872.899661275882,446
446,3419.969989408696,1480782.5527868315,517.7702823791204,3011.765476553655,447
447,3529.5357589327755,1357043.03275602,495.6587164627361,3194.13522175511,448
448,3689.793938217846,1244392.9001498478,479.3576923864406,3422.856710955597,449
449,3902.2144033420377,1142084.9947000088,467.8327844814446,3702.062482745414,450
450,4169.895267226859,1049385.8913779336,460.2963687449091,4037.1512674918426,451
451,4497.447636236751,965592.4126096935,456.1394509984109,4434.811923343642,452
452,4890.951374342053,890041.1235269607,454.8827633282739,4903.077097654737,453
453,5357.959860983012,822118.7482893977,456.1407525750956,5451.393011613981,454
454,5907.5337641890765,761260.0840821136,459.59478254423743,6090.6978206750755,455
455,6550.292603219314,706954.508164109,464.9722945511535,6833.4913884947155,456
456,7298.463683045869,658746.578065168,472.0302379332124,7693.882239248007,457
457,8165.912477181219,616237.5041808796,480.54139523749063,8687.590702922393,458
458,9168.132098159882,579086.9547618182,490.28268886852453,9831.881807881478,459
459,10322.164496750001,547015.669498079,501.02485787390964,11145.394235818103,460
460,11646.419093692013,519809.38072524,512.5231278189531,12647.823185969086,461
461,13160.346313788039,497324.6153010573,524.5086930262039,14359.405691368527,462
462,14883.914384394731,479497.08027240407,536.6810078510755,16300.147519168117,463
463,16836.828527019192,466353.5313078959,548.7010524894141,18488.722437989294,464
464,19037.423490478708,458028.29829584743,560.1859012612139,20940.969022412835,465
465,21501.154923674047,454786.0132587423,570.7050712635272,23667.909457384878,466
466,24238.614528648406,457052.5643420454,579.7792526027508,26673.22154264122,467
467,27253.000795243966,465456.88333616435,586.8820983277698,29950.111969081165,468
468,30536.994067408934,480886.81899798196,591.4457637988174,33477.56864058412,469
469,34069.01440438294,504562.9164621913,592.8708264037441,37216.01543580899,470
470,37808.88626221274,538134.0808107584,590.541116219789,41102.45967425104,471
471,41693.000790470825,583798.1354394212,583.8439349297888,45045.3229900883,472
472,45629.166925018086,644447.7795449129,572.1962495296589,48919.30463315915,473
473,49491.50088268881,723826.9293901979,555.0783887016668,52560.93499313114,474
474,53116.0133818328,826684.5487608149,532.0772877196254,55765.926985045095,475
475,56298.004272764716,958845.6585776559,502.94438015953654,58290.38816165144,476
476,58793.33254181098,1127094.417912128,467.67437180844274,59859.263120157666,477
477,60326.937491966106,1338661.416355206,426.6109425751117,60187.08465532293,478
478,60613.69559789804,1600022.896994973,380.5776067158712,59017.180799190144,479
479,59397.75840590601,1914691.709506703,331.0100602267255,56183.47387210178,480
480,56514.483932328505,2279878.374322422,280.0267469204198,51689.79769754741,481
481,51969.82444446783,2682559.112559931,230.33127307648203,45782.36213048882,482
482,46012.69340356531,3096688.036270434,184.8431062981967,38968.423141966356,483
483,39153.266248264554,3484426.396176529,146.0705093079742,31933.544960929055,484
484,32079.61547023703,3803666.7118934253,115.46277313054824,25360.25066741169,485
485,25475.713440542237,4020367.273713595,93.11409971161433,19733.81558628577,486
486,19826.929685997387,4119353.867151012,78.00738821935707,15249.177380940593,487
487,15327.18476915995,4106772.721656997,68.5969509552605,11854.821251821115,488
488,11923.418202776375,4003671.8943639616,63.348716186232714,9367.807746913204,489
489,9431.156463099438,3836361.5489777066,61.02505554862997,7576.088278515581,490
490,7637.113334064211,3629153.219430055,60.74066050549352,6293.761249591909,491
491,6354.501910097402,3401191.7917403104,61.905438354655665,5377.711908785436,492
492,5439.617347140092,3166125.182904062,64.14191315970731,4724.901723085232,493
493,4789.043636244939,2933058.544794809,67.21480186386458,4263.622058395083,494
494,4330.836860258948,2707744.0077559063,70.9808219482568,3944.782552394962,495
495,4015.763374343219,2493602.996799624,75.35567775309148,3735.0677551446593,496
496,3810.423432897751,2292491.681901731,80.29310976122328,3612.0566648161703,497
497,3692.3497745773934,2105237.779837394,85.77175699903722,3560.8961084675648,498
498,3646.667865466602,1932005.5458152662,91.78689759165715,3572.082030444711,499
499,3663.8689280363683,1772540.461577165,98.34518738465945,3639.995975278058,500
500,3738.3411626627176,1626332.341650289,105.46122868572894,3761.947409673156,501
501,3867.408638358885,1492723.8479160457,113.15524883205305,3937.5539003371077,502
502,4050.709149169161,1370982.6090957888,121.45144077856989,4168.348122553632,503
503,4289.799563332202,1260349.0549043207,130.3766814460376,4457.538438938198,504
504,4587.915120384236,1160068.0077894952,139.95944115803547,4809.874059152296,505
505,4949.833500310331,1069409.3983050163,150.22875559573612,5231.5809639158815,506
506,5381.809719511618,987681.7164826288,161.21316632084535,5730.343849836038,507
507,5891.557016156883,914240.6627652409,172.93955683204877,6315.3142499102705,508
508,6488.253806742319,848494.7091457531,185.43182452037493,6997.126891935302,509
509,7182.558716455677,789908.7894343501,198.70933901404365,7787.905975105219,510
510,7986.6153141192635,738007.0211599543,212.78514753279273,8701.240778298345,511
511,8914.025925831136,692375.1663325281,227.66390092578135,9752.10610419638,512
512,9979.770005122162,652663.4307202522,243.3394929542264,10956.697699309623,513
513,11200.03719226385,618589.1997359355,259.79243331920964,12332.14724520829,514
514,12591.9396785275,589946.1067576477,276.9870133088935,13896.068018465448,515
515,14173.055031774342,566605.4266674331,294.8683815353553,15665.889355343343,516
516,15960.757736878699,548530.2849337823,313.3597125137698,17657.912094155337,517
517,17971.27180666911,535788.746097695,332.35974398540435,19886.026271739334,518
518,20218.38601572474,528573.0284215193,351.7410583393865,22360.026172634844,519
519,22711.76723097423,527225.3851198292,371.34959063351573,25083.46426442602,520
520,25454.813855059536,532272.5769161675,391.00594283975073,28051.000114741168,521
521,28442.00605758092,544471.2289645117,410.5091495329438,31245.226952811372,522
522,31655.736102344315,564866.5990340264,429.6435464573067,34633.00070416229,523
523,35062.644250619596,594867.1030099036,448.1893103344138,38161.35939660891,524
524,38609.54870694333,636335.7932735158,465.9370408711384,41753.21461228262,525
525,42219.15165315376,691696.8365513359,482.7064327902874,45303.14072000077,526
526,45785.84715279106,764048.1082134806,498.3686462596017,48673.81893363817,527
527,49172.18757989777,857257.4817660719,512.8714582411493,51694.07254377558,528
528,52206.94400201673,975996.3470200482,526.2657011254425,54160.034564350906,529
529,54686.30026547635,1125626.3962876056,538.7308799034745,55841.86028532669,530
530,56380.591165230166,1311795.7519072236,550.5971581114386,56499.448524010026,531
531,57050.04568212146,1539565.7114577424,562.3599677283976,55911.14356774856,532
532,56473.50353547696,1811845.660022752,574.682274221166,53918.18707109866,533
533,54492.86934531983,2127054.0681436793,587.4210155362769,50482.21388421229,534
534,51069.63489974856,2476325.067920589,603.5895964587444,45741.61206082225,535
535,46345.201657280995,2841243.3825839884,623.0035395039343,40038.05737244159,536
536,40661.060911945526,3193940.0019506128,646.5542412768158,33880.15067250577,537
537,34526.70491378259,3501153.8516625,674.9739540432217,27833.229116315266,538
538,28508.203070358486,3732275.604603803,708.7662190641876,22373.906856615467,539
539,23082.673075679653,3868066.3260814645,748.1971269126354,17783.81467818773,540
540,18532.011805100366,3905325.09637861,793.3505159386881,14133.49769056901,541
541,14926.848206507697,3855104.3306832123,844.2170573454431,11342.28189308789,542
542,12186.498950433332,3736575.8275725,900.7771027162527,9259.764525906701,543
543,10160.541628622954,3570585.6402580836,963.054119462141,7726.929418235263,544
544,8689.983537697404,3375534.709249306,1031.1378778356245,6606.651762112986,545
545,7637.789639948611,3165783.5963454233,1105.1877167691366,5792.219383807243,546
546,6897.407100576379,2951689.8626096733,1185.4263658774541,5205.078193557881,547
547,6390.504559435335,2740295.369010963,1272.1309167241266,4789.143621207678,548
548,6061.274537931804,2536156.7452886845,1365.6239682747637,4505.064025670452,549
549,5870.687993945216,2342056.5633653193,1466.265896144319,4325.571274486215,550
550,5791.837170630533,2159551.369400328,1574.4482201113906,4232.044877627894,551
551,5806.493097739284,1989367.63469979,1690.5876919558375,4212.087087736457,552
552,5902.674779692295,1831684.427459746,1815.1206404856114,4257.8503667371915,553
553,6072.971007222803,1686318.673468286,1948.4971251756122,4364.90325096591,554
554,6313.400376141522,1552869.2597745445,2091.174473482201,4531.46255572382,555
555,6622.63702920602,1430795.1417906333,2243.6098179016517,4757.885854832057,556
556,7001.4956727337085,1319485.2412002555,2406.251245649856,5046.335115845078,557
557,7452.586361494934,1218298.721887585,2579.5271961010767,5400.559639713673,558
558,7980.08683581475,1126593.7734458938,2763.8337385557334,5825.757827982218,559
559,8589.59156653795,1043746.2294692313,2959.5193749758937,6328.488981320057,560
560,9288.008356295952,969166.6090794189,3166.8670374666967,6916.609232572459,561
561,10083.476270039157,902303.4131839268,3386.0730135829485,7599.2165475380025,562
562,10985.289561120951,842653.3844447611,3617.2226168168163,8386.580289842937,563
563,12003.802906659754,789765.2231605515,3860.2625948061577,9290.037621787958,564
564,13150.300216594116,743243.5051698886,4114.970504869191,10321.8339188096,565
565,14436.80442367879,702752.4792662711,4380.921636398578,11494.88190296334,566
566,15875.803539361918,668020.3337870328,4657.454534133057,12822.410725412345,567
567,17479.8652595454,638844.4931520639,4943.636791850032,14317.472728261228,568
568,19261.10952011126,615098.5235930894,5238.233545192168,15992.272723830505,569
569,21230.506269022673,596741.2872837958,5539.681975890017,17857.283165228302,570
570,23396.96514111832,583829.0806732957,5846.076095346082,19920.10956774244,571
571,25766.18566308852,576531.618552988,6155.167007081978,22184.075180345877,572
572,28339.242187427855,575152.864450822,6464.384606686955,24646.503544866937,573
573,31110.888151553892,580157.8264930645,6770.887065054208,27296.693677216845,574
574,34067.58074227105,592207.4672872518,7071.644219819239,30113.604187762765,575
575,37185.248407582,612196.7191152392,7363.559951446131,33063.312565925524,576
576,40426.87251737165,641310.7506576832,7643.636431957921,36096.327662274256,577
577,43739.96409423218,681078.5788162432,7909.1800932221995,39144.950893697576,578
578,47054.13098691977,733435.4551036842,8158.044792420274,42120.94702639113,579
579,50278.9918188114,800772.3544745952,8388.902800536898,44913.977911409056,580
580,53303.88071194595,885968.6396499478,8602.545941875107,47391.39085750531,581
581,55993.93679938041,992354.4176510036,8798.10886545856,49400.62779101924,582
582,58199.7366564778,1123561.35065865,8980.38172332319,50775.18721613442,583
583,59755.56893945761,1283178.9324056727,9151.933281082034,51346.6135038543,584
584,60498.546784936334,1474114.9267361234,9320.227711328525,50963.62972692254,585
585,60283.85743825107,1697588.4001390843,9493.538789277496,49519.59669915479,586
586,59013.13548843229,1951755.3667268706,9681.675844078038,46985.7270981477,587
587,56667.40294222574,2230167.509271239,9895.459898251429,43442.4949540245,588
588,53337.954852275936,2520602.364015608,10145.93335489401,39095.5896036422,589
589,49241.52295853621,2805099.2794653145,10443.361021767865,34260.94537343847,590
590,44704.30639520634,3061961.7016332787,10796.193558756682,29312.18336245659,591
591,40108.376921213276,3269803.4741865215,11210.263566928697,24603.313177075805,592
592,35813.5767440045,3412465.013841179,11688.478432905493,20397.66782626155,593
593,32086.146259167042,3482614.4451196706,12231.107600167354,16833.362401613016,594
594,29064.47000178037,3482433.342541165,12836.509852641098,13932.974124026665,595
595,26769.483976667765,3421433.2145098834,13501.989353208535,11640.874695705748,596
596,25142.86404891428,3312875.550422407,14224.50373782189,9864.54968667756,597
597,24089.05342449945,3170555.3642883464,15001.101696650674,8504.97278761974,598
598,23506.074484270415,3006748.7945162584,15829.10960303413,7473.073065385419,599
599,23302.182668419548,2831378.2667798228,16706.148643891138,6695.752367356856,600
600,23401.901011247992,2651919.0683598816,17630.06353376329,6116.114789939682,601
601,23746.17832370297,2473734.46908594,18598.817773016257,5691.22842557693,602
602,24290.046198593187,2300496.277643871,19610.38601263833,5389.302717870955,603
603,24999.688730509286,2134598.719643725,20662.656902735696,5187.087812578877,604
604,25849.744715314573,1977508.441217918,21753.350887802208,5067.754228535716,605
605,26821.105116337923,1830018.458148777,22879.953325622948,5019.274214957571,606
606,27899.22754058052,1692461.622853851,24039.661602622662,5033.2133938735515,607
607,29072.87499649621,1564838.763398217,25229.34493917243,5103.8555751917,608
608,30333.200514364133,1446947.1258612592,26445.515412590416,5227.557232949217,609
609,31673.072645539633,1338438.958136273,27684.30949967291,5402.285085914352,610
610,33086.59458558727,1238878.2515027425,28941.47926838646,5627.277309985369,611
611,34568.75657837183,1147785.016509117,30212.392758923972,5902.790196531067,612
612,36115.182955455035,1064655.147300906,31492.043275115968,6229.910289324828,613
613,37721.9535644408,988984.3688050687,32775.067175075616,6610.4065102481245,614
614,39385.47368532374,920275.2924844817,34055.76991909953,7046.61419585046,615
615,41102.38411494999,858056.3927808672,35328.159913777046,7541.3311111318,616
616,42869.49102490885,801878.0760580089,36585.989939529165,8097.729004256945,617
617,44683.71894378611,751321.6860555309,37822.80552303474,8719.265648600165,618
618,46542.0711716349,706000.1519578589,39031.99984989258,9409.596386324269,619
619,48441.59623621685,665563.5708391491,40206.874650160724,10172.476220680679,620
620,50379.3508708414,629694.3681533161,41340.706656287926,11011.656271226004,621
621,52352.36292751393,598112.1311710315,42426.81896450145,11930.763352431826,622
622,54357.58231693328,570572.3600658063,43458.65695864847,12933.164109859717,623
623,56391.82106850819,546871.2066958057,44429.86833035746,14021.804343897573,624
624,58451.67267425503,526840.683835679,45334.38704437997,15199.03074376187,625
625,60533.417788141836,510354.1746989417,46166.52072128398,16466.381653290948,626
626,62632.90237457493,497327.512307184,46921.0413752192,17824.34882186567,627
627,64745.390197084875,487721.7657356916,47593.27924947093,19272.10625855975,628
628,66865.38550803067,481546.8712765196,48179.21950382904,20807.203574731404,629
629,68986.42307856043,478866.2542602862,48675.601430263814,22425.221694485135,630
630,71100.82312474893,479802.58025782567,49080.01974204648,24119.389652627047,631
631,73199.40939467352,484544.75046819495,49391.02729408684,25880.162601608838,632
632,75271.18989569567,493356.2012606944,49608.2383484934,27694.763452097515,633
633,77303.00180059092,506584.46080940525,49732.43119793142,29546.69429886766,634
634,79279.1254967991,524671.7251005265,49765.64859349283,31415.229712845277,635
635,81180.87830633811,548165.8964276172,49711.29397438694,33274.9132190246,636
636,82986.20719341155,577731.01881426,49574.22092334153,35095.09230946596,637
637,84669.3132328075,614155.2695562516,49360.812502047134,36839.54795818996,638
638,86200.3604602371,658353.5383999922,49079.046042318485,38466.303635722674,639
639,87545.34967804117,711360.0736415128,48738.53742411365,39927.73737391258,640
640,88666.27479802624,774304.6899537813,48350.55667340139,41171.16737746308,641
641,89521.72405086449,848363.7690669338,47928.00368690553,42140.13100071903,642
642,90068.13468762457,934675.2131530681,47485.328975964636,42776.61379550891,643
643,90261.94277147354,1034205.6378721981,47038.37975273739,43024.481731179,644
644,90062.8614839164,1147561.1683513233,46604.1472725708,42834.27798057272,645
645,89438.42525314352,1274733.8516795868,46200.3890148093,42169.343485937185,646
646,88369.73250074648,1414811.756866667,45845.10083843206,41012.75748107846,647
647,86857.8583195105,1565672.8276019383,45555.827311275745,39374.102742511925,648
648,84929.93005378766,1723747.0887101924,45348.82127709262,37294.41199185116,649
649,82643.23326894378,1883941.2552067798,45238.1038131825,34847.34868964606,650
650,80085.45250282857,2039824.4882527234,45234.52473600384,32135.023045042097,651
651,77369.54778104594,2184146.1679457757,45344.9671150466,29278.040181244545,652
652,74623.00729629115,2309650.7296105195,45571.85557329855,26401.29918887287,653
653,71973.15476217141,2410035.6862937384,45913.09381257956,23618.829998867386,654
654,69531.92381144695,2480809.6763919024,46362.46961276091,21021.545311049533,655
655,67384.01492381043,2519840.436583314,46910.45254725486,18670.656580197006,656
656,65581.10912745187,2527413.9985048124,47545.220459586366,16597.460169420516,657
657,64142.68062900688,2505894.155852054,48253.71543785966,14807.98077748041,658
658,63061.69621534007,2459102.984625485,49022.566477959066,13290.04893192645,659
659,62312.61540988552,2391621.0151012246,49838.786651109855,12020.55073181335,660
660,61859.33738292321,2308204.239145965,50690.22580322066,10971.389385043141,661
661,61661.6151882638,2213338.6573959677,51565.81257557318,10113.70015013847,662
662,61679.51272571165,2110993.452887544,52455.63930930541,9420.399075374322,663
663,61876.03838467973,2004508.9034387579,53350.945313945216,8867.467734482057,664
664,62218.413048427275,1896585.1086555435,54244.04268581809,8434.39583201783,665
665,62678.438517835915,1789334.3935653786,55128.21562691402,8104.125604840203,666
666,63232.34123175422,1684350.5901810534,55997.61272130968,7862.75165556182,667
667,63860.3643768715,1582801.4560154767,56847.14250486954,7699.116147259219,668
668,64546.25865212876,1485502.6667806145,57672.377697324344,7604.398168756035,669
669,65276.77586608038,1392993.9821887286,58469.46946015137,7571.73149412283,670
670,66041.2009542742,1305599.7003173523,59235.071740601576,7595.872231521472,671
671,66830.94397212304,1223479.417096707,59966.27473295467,7672.918929715042,672
672,67639.1936626697,1146668.1034821928,60660.54627445018,7800.08229873805,673
673,68460.62857318822,1075112.9209807874,61315.679983353366,7975.4944676403375,674
674,69291.1744509937,1008692.8782767339,61929.74931830094,8198.05785701426,675
675,70127.8071753152,947243.2303532575,62501.06652242859,8467.319405169474,676
676,70968.38592759806,890570.1258727271,63028.1460509762,8783.367687561848,677
677,71811.51373853804,838462.7476569396,63509.6720482326,9146.746829001051,678
678,72656.41887723363,790702.6532557176,63944.46964097405,9558.382643063049,679
679,73502.8522840371,747070.9371632582,64331.47994466572,10019.51709853299,680
680,74350.99704319869,707353.7138536312,64669.738783185894,10531.647744836513,681
681,75201.3865280224,671347.3213585377,64958.35920689681,11096.468152846915,682
682,76054.82735974372,638856.5657822496,65196.518020911695,11715.812530394067,683
683,76912.33055130576,609707.2617325799,65383.446233305134,12391.587560292346,684
684,77775.03379359748,583738.2938460282,65518.42427024778,13125.708251478318,685
685,78644.1325217261,560808.34094582,65600.78164652914,13920.021239856427,686
686,79520.80288638557,540796.439525665,65629.90170158673,14776.218904456724,687
687,80406.12060604345,523603.4954038149,65605.23166784177,15695.741050701585,688
688,81300.97271854336,509153.8572128382,65526.2984025003,16679.66182044547,689
689,82205.96022294577,497397.0522706695,65392.73010483263,17728.559467872397,690
690,83121.28957270503,488309.77869317244,65204.284315268786,18842.366651723343,691
691,84046.65096699214,481898.24268035224,64960.88244696263,20020.19896926779,692
692,84981.08141623042,478200.92496159836,64662.65103087551,21260.159639382975,693
693,85922.81067025848,477291.85302403214,64309.96975764902,22559.118592556635,694
694,86869.08835020565,479284.44257198134,63903.52626891673,23912.46483287489,695
695,87815.99110179162,484335.947754572,63444.37748201107,25313.831928285468,696
696,88758.20941029653,492652.5179372085,62934.01701897097,26754.798042725244,697
697,89688.81506169621,504494.7890302225,62374.44804518838,28224.56430381719,698
698,90599.01234900557,520183.8254783436,61768.26049356993,29709.618855779685,699
699,91477.87934934963,540107.055907403,61118.71124023371,31193.39914611828,700
700,92312.110386352,564723.5867010612,60429.80528349651,32655.972419829588,701
701,93085.77770332611,594567.9044422044,59706.37532518474,34073.76470777416,702
702,93780.14003295891,630251.4601349684,58954.156316329216,35419.37930252107,703
703,94373.53561885028,672454.0099223846,58179.85061712127,36661.58171144283,704
704,94841.43232856411,721916.336770763,57391.17721627684,37765.504077478436,705
705,95156.68129375526,779412.017463486,56596.898372894415,38693.19965300243,706
706,95290.09802589683,845701.765562547,55806.81351259761,39404.673643275855,707
707,95211.48715587346,921473.834589153,55031.70784861156,39859.489524727425,708
708,94891.197373339,1007247.2921719749,54283.24258984286,40019.09161903539,709
709,94302.33420887825,1103249.541121358,53573.77039628967,39849.86976006875,710
710,93423.64015635842,1209264.7048867147,52916.06098777871,39326.87938447632,711
711,92242.940372255,1324464.5352744425,52322.92538079811,38437.922559872466,712
712,90760.84794067057,1447244.6611829952,51806.736112640174,37187.43602436231,713
713,88994.17213700249,1575103.6783022257,51378.85622643384,35599.37922009136,714
714,86978.2354465252,1704606.240088152,51049.011760344845,33718.21207889262,715
715,84767.22383923747,1831491.9434923143,50824.66679445243,31607.141480711514,716
716,82431.80827516394,1950940.4546232226,50710.483300999724,29343.377048845556,717
717,80053.86034984529,2057999.2989125275,50707.95446010421,27010.863615394173,718
718,77718.81807549839,2148103.7510530995,50815.28678761186,24691.804714750393,719
719,75507.09150236225,2217601.8494597087,51027.56659089892,22458.71428310761,720
720,73486.28087400654,2264148.964343187,51337.19256598398,20368.653107954982,721
721,71705.84567393895,2286899.4538632985,51734.501771236304,18460.548332880815,722
722,70195.05010411712,2286455.7108462835,52208.484712669364,16755.57682835995,723
723,68964.06154102931,2264635.3479508935,52747.482837166186,15259.788074105196,724
724,68007.2709112714,2224103.643803778,53339.78804800876,13967.892419186073,725
725,67307.68046719483,2167996.095693925,53974.09963978996,12867.177414131407,726
726,66841.27705392137,2099579.933650886,54639.83149578389,11940.90107011317,727
727,66580.73256589705,2021997.7285358382,55327.28673382509,11170.869148768985,728
728,66498.15588259407,1938105.8824004102,56027.72901475986,10539.174583331112,729
729,66566.90359809095,1850381.8974832662,56733.381780185366,10029.243995449362,730
730,66762.62577563473,1760901.047265656,57437.3818899493,9626.361030023654,731
731,67063.74291997295,1671347.4231879518,58133.70836815839,9317.844347892316,732
732,67451.55271605072,1583048.7500099705,58817.10029636552,9093.015048787789,733
733,67910.11534515332,1497020.873635311,59482.97277767054,8943.051093983775,734
734,68426.02387165432,1414019.7096001247,60127.3360668359,8860.787785184435,735
735,68988.12385202033,1334581.4261432972,60746.7206634487,8840.51080778806,736
736,69587.23147123677,1259067.9532445795,61338.109119236346,8877.75424491985,737
737,70215.86336415618,1187702.096777273,61898.874905981844,8969.11799699347,738
738,70867.99290297531,1120598.1110232326,62426.72798281806,9112.107180869609,739
739,71538.83516368768,1057787.1056772887,62919.66656639592,9304.993287875644,740
740,72224.65985427157,999237.8755687787,63375.93457414351,9546.694975590412,741
741,72922.62954973392,944873.806465178,63793.984258491466,9836.675523437143,742
742,73630.6597819286,894586.4937203261,64172.44363454092,10174.853728288459,743
743,74347.29736282937,848246.6539735368,64510.0884001182,10561.525066270106,744
744,75071.61346638831,805712.838161668,64805.81814218454,10997.29013191711,745
745,75803.10827410164,766837.3965263643,65058.63671080473,11482.988597010622,746
746,76541.62530781535,731476.0102083893,65267.63665787538,12019.631144584813,747
747,77287.26780246019,699486.1095401782,65431.98801030558,12608.336955903824,748
748,78040.3249662094,670734.567220585,65550.93108724391,13250.264645140594,749
749,78801.1957323845,645099.6629128248,65623.7737354023,13946.539462579936,750
750,79570.31319798224,622472.6411172017,65649.89308041205,14698.175038474039,751
751,80348.06811888609,602763.9393486967,65628.74190195031,15505.98140707988,752
752,81134.72330903019,585899.2418622208,65559.8601413585,16370.469870074747,753
753,81930.33001143325,571825.5371546139,65442.891273709785,17291.74056078001,754
754,82734.6318344898,560513.1418011042,65277.60403844798,18269.35548974528,755
755,83546.95952819326,551952.8572532338,65063.9196959414,19302.203847747638,756
756,84366.12354368903,546168.3040453362,64801.94442258927,20388.334662338104,757
757,85190.27908492737,543208.5081461248,64492.0078305634,21524.78727412782,758
758,86016.79510469122,543155.7299235241,64134.70654502552,22707.396134001196,759
759,86842.10267902672,546127.5834934763,63730.95309602991,23930.579942460503,760
760,87661.53303849041,552280.3884967755,63282.02961396498,25187.115752511967,761
761,88469.14536647695,561812.6605862166,62789.645690940764,26467.902167289554,762
762,89257.5478582303,574968.5530433124,62255.999492088944,27761.71853854475,763
763,90017.71803063368,592040.9336539515,61683.84085804966,29054.990892380898,764
764,90738.83175043056,613373.6017292077,61076.53471893305,30331.58045411921,765
765,91408.11517305227,639361.907174445,60438.12262289139,31572.617385938396,766
766,92010.74000882977,670450.7163781284,59773.379547709315,32756.410864973135,767
767,92529.79041268247,707128.2760675568,59087.86238876062,33858.476837948794,768
768,92946.33922670942,749914.0717518353,58387.945582957276,34851.73609676293,769
769,93239.6816797202,799338.3108980727,57680.83823366729,35706.9462295703,770
770,93387.78446323759,855911.2863391796,56974.57588017822,36393.435351172724,771
771,93368.01123135093,920074.8512703793,56277.9789773569,36880.22106500073,772
772,93158.20004235764,992142.3207712885,55600.56842018871,37137.554714979975,773
773,92738.1231351687,1072221.186472301,54952.42878643118,37138.90592891703,774
774,92091.3347153482,1160116.4654230322,54344.01061777017,36863.34668848946,775
775,91207.35730625963,1255223.5546328044,53785.86487180304,36298.18077598606,776
776,90084.0456477891,1356432.7303928612,53288.30771670243,35441.499249168635,777
777,88729.80696587106,1462047.0555990704,52861.02388784613,34304.27356513696,778
778,87165.29745298308,1569746.3342228301,52512.627042069274,32911.48787979655,779
779,85424.11492186582,1676631.8384497028,52250.20931917744,31301.811103763583,780
780,83552.02042294103,1779352.8519453595,52078.92653087628,29525.55672054865,781
781,81604.48325142494,1874332.7043930674,52001.671150167575,27640.969383847376,782
782,79642.64053401496,1958068.9452169552,52018.88359430721,25709.31328746637,783
783,77728.19688177359,2027464.377188448,52128.53708716208,23789.5828780479,784
784,75918.11996520999,2080129.0520861277,52326.30532806013,21933.787309258012,785
785,74260.09263731814,2114594.6190788513,52605.89138586187,20183.601771765847,786
786,72789.49315762772,2130402.3934519873,52959.469735887484,18568.789963798507,787
787,71528.259699686,2128058.2024124395,53378.17905979671,17107.342910920765,788
788,70485.52197071747,2108878.164591676,53852.60444959302,15806.922143189418,789
789,69659.52659278244,2074769.12757861,54373.20134001235,14667.0363562584,790
790,69040.23769627075,2027991.2137804888,54930.633455763265,13681.413501103803,791
791,68612.04695686708,1970940.734671641,55516.01659397818,12840.179672948412,792
792,68356.19626692658,1905976.411614069,56121.0747222487,12131.635212182759,793
793,68252.70993443146,1835296.86042286,56738.22320839031,11543.567302258249,794
794,68281.79051064856,1760866.419301724,57360.59680938064,11064.133888222901,795
795,68424.73069760353,1684380.5095149546,57982.03913993193,10682.399227895768,796
796,68664.4383678277,1607259.894832613,58597.067537909454,10388.611699732568,797
797,68985.67923764203,1530663.9254968471,59200.82389258649,10174.305357353367,798
798,69375.12924993984,1455514.7553253097,59789.018890722444,10032.289865453991,799
799,69821.30875617644,1382525.702645467,60357.874603427736,9956.576758964573,800
800,70314.4513623923,1312235.6354982813,60904.06841533973,9942.269408904538,801
801,70846.33782424427,1245032.4086188208,61424.68024143596,9985.446230764324,802
802,71410.12647220028,1181183.5611405363,61917.14360511239,10083.03983335026,803
803,72000.18343846264,1120857.9990640723,62379.20116676923,10232.724195649145,804
804,72611.92536241838,1064150.3128329176,62808.864666825044,10432.807154931299,805
805,73241.67182175633,1011092.1491538972,63204.379424652856,10682.137999411205,806
806,73886.51742406406,961670.728337647,63564.19293014533,10980.02020229062,807
807,74544.21313243595,915838.88731421,63886.92761597521,11326.13357880828,808
808,75213.0611947835,873530.0530580804,64171.357580591844,11720.457035708438,809
809,75891.81461630028,834654.3356121314,64416.389497075725,12163.207524258532,810
810,76579.59702133425,799123.300423946,64621.04692428342,12654.762186420641,811
811,77275.80911070405,766838.4928301331,64784.45917748647,13195.59821845782,812
812,77980.05739594428,737705.0214816966,64905.85371375408,13786.221603513099,813
813,78692.07531726718,711633.368762862,64984.55269566798,14427.094393380552,814
814,79411.64708904852,688542.6349654509,65019.973705667726,15118.556814922922,815
815,80138.53052059065,668363.352452622,65011.634728257224,15860.742638209398,816
816,80872.37736646662,651039.9948609897,64959.163520849645,16653.486352516156,817
817,81612.6498733658,636533.2866226801,64862.311485291335,17496.220837529683,818
818,82358.53232282103,624822.4001287082,64720.97212905913,18387.864409989154,819
819,83108.83653904831,615907.1105305847,64535.20416538849,19326.69639656647,820
820,83861.90056195496,609809.9600216908,64305.25924242093,20310.220765922466,821
821,84615.4800083434,606578.4626085353,64031.61420974775,21335.017890566738,822
822,85366.6321003145,606287.3545361045,63715.00772297194,22396.58525898755,823
823,86111.59298195949,609040.8617061697,63356.4808491577,23489.16899247927,824
824,86845.64984163697,614974.9099040591,62957.42116376916,24605.58942880677,825
825,87563.01059257593,624259.1418795219,62519.60961767455,25737.065924198985,826
826,88256.67554187353,637098.5219886767,62045.269194850414,26873.048519012074,827
827,88918.31771386249,653735.1984269074,61537.11407033794,28001.06486980359,828
828,89538.17894014153,674444.1813431868,60998.39774372537,29106.609506174427,829
829,90105.00724989979,699537.0240458436,60432.95749041653,30173.071483257292,830
830,90606.02897367382,729352.9615119265,59845.253332287735,31181.749387071442,831
831,91027.00271935917,764251.078677435,59240.397751636614,32111.973962834887,832
832,91352.3717144715,804596.3302698737,58624.17238463327,32941.37809780258,833
833,91565.55048243585,850738.861643158,58003.0270719163,33646.35559517497,834
834,91649.38266709127,902985.0769478611,57384.05593618448,34202.75008389204,835
835,91586.8060200765,961559.1385340834,56774.94457544717,34586.80812358563,836
836,91361.75269903282,1026554.2625208776,56183.88219107075,34776.412242608116,837
837,90960.29443367885,1097874.4892694568,55619.432784082084,34752.576515961206,838
838,90372.0093000433,1175169.7059069506,55090.360807564684,34501.13721364294,839
839,89591.49802120763,1257769.5934227335,54605.409256792685,34014.50597870543,840
840,88619.91523549812,1344626.5925770053,54173.03245327683,33293.27871001912,841
841,87466.31116329595,1434274.2987537554,53801.091996084346,32347.452692020113,842
842,86148.54468810446,1524830.1693560071,53496.53105916229,31196.93546474665,843
843,84693.46652390894,1614036.574076788,53265.05167312332,29871.133249847375,844
844,83136.18492297069,1699362.5913812593,53110.82448147025,28407.4816144283,845
845,81518.30609589854,1778159.5756372155,53036.26403426015,26848.990191291126,846
846,79885.25422555128,1847858.49179042,53041.89952855611,25241.08433816867,847
847,78282.98386672478,1906177.0017641555,53126.36139857794,23628.216470539057,848
848,76754.57786911701,1951317.7764662718,53286.4883881074,22050.74802571894,849
849,75337.23641382634,1982106.1770629091,53517.54362294679,20542.583754905092,850
850,74060.12737785188,1998059.486322731,53813.511589792965,19129.813636728682,851
851,72943.32522652164,1999375.5289812875,54167.439370300664,17830.399601125868,852
852,71997.83897142654,1986852.6142534737,54571.78400229823,16654.736853213766,853
853,71226.520855512,1961756.608156505,55018.73373655172,15606.811342399109,854
854,70625.54507895083,1925675.4121192526,55500.480731658674,14685.627852598367,855
855,70186.10858425703,1880370.7699391728,56009.43490986473,13886.660244127936,856
856,69896.09515399266,1827643.3881103967,56538.377863644244,13203.156903856858,857
857,69741.53476750111,1769242.3769121247,57080.56208737091,12627.190190602158,858
858,69707.75227797308,1706778.1748762596,57629.76562811809,12150.465338136533,859
859,69780.23096625463,1641704.2392625574,58180.31131698006,11764.856926672535,860
860,69945.1682436526,1575277.4205639958,58727.061990927636,11462.771484696112,861
861,70189.83347562375,1508559.9968762877,59265.398498710856,11237.350191473839,862
862,70502.7486901847,1442436.1619128783,59791.18732476225,11082.553703162981,863
863,70873.74102792524,1377618.4310948667,60300.74306309778,10993.183386855491,864
864,71293.92644995329,1314665.5541630634,60790.78850372629,10964.856442547645,865
865,71755.64494627394,1254016.5604403098,61258.41454029904,10993.939365224709,866
866,72252.35390552373,1195989.4973213286,61701.04216842992,11077.488982427156,867
867,72778.53115085707,1140818.8640626776,62116.38619428489,11213.168039677206,868
868,73329.55423396212,1088660.2788046468,62502.4223223844,11399.172355697418,869
869,73901.5946780818,1039610.171081538,62857.3571756452,11634.154690209481,870
870,74491.51186585469,993717.5620355675,63179.6016999826,11917.152535254318,871
871,75096.7542352369,950995.0186239989,63467.74796517639,12247.518858849786,872
872,75715.26682402618,911427.9649779241,63720.54940222733,12624.855229359095,873
873,76345.40463158643,874982.5513089276,63936.90450879079,13048.946379985964,874
874,76985.85088877675,841612.2835666382,64115.84405914839,13519.695071079444,875
875,77635.53913022783,811263.6076588676,64256.5218661671,14037.056014061303,876
876,78293.5778802284,783881.6262222581,64358.2091547695,14600.966295521062,877
877,78959.17545029057,759409.1072672668,64420.29269378355,15211.278841763102,878
878,79631.57153554665,737799.9197611737,64442.276368717256,15867.67841075488,879
879,80309.95477947213,719012.0412987528,64423.7870532461,16569.604703939818,880
880,80993.3917571859,703015.1912083437,64364.584046536365,17316.162527489065,881
881,81680.74657402543,689792.2228015251,64264.572509428544,18106.025896268144,882
882,82370.5984056967,679341.3162984956,64123.8208173944,18937.334365126957,883
883,83061.15518252135,671678.0248486426,63942.58177518616,19807.5815029211,884
884,83750.16327810727,666837.1999408856,63721.31756669429,20713.495919486995,885
885,84434.81348618129,664874.7976631403,63460.72822099305,21650.915915424055,886
886,85111.6441364171,665869.5367978157,63161.783258917974,22614.65969508908,887
887,85776.44295400704,669924.3413421081,62825.75604057469,23598.394218524605,888
888,86424.15025909929,677167.4511123489,62454.26015947715,24594.507227703692,889
889,87048.76738718084,687753.0218712973,62049.287019899646,25593.988826635647,890
890,87643.27584653528,701860.9583538821,61613.24348678002,26586.33127379048,891
891,88199.5747605705,719695.627995703,61148.98820867789,27559.458380534543,892
892,88708.44658921243,741482.9904688756,60659.86488142902,28499.699062938053,893
893,89159.56394436708,767465.5525389243,60149.730343174626,29391.823022460034,894
894,89541.55336563465,797894.4299988328,59622.9749750796,30219.15991871274,895
895,89842.13489379233,833017.6891968979,59084.532439518145,30963.82617767675,896
896,90048.3586171949,873064.0846255004,58539.87534610742,31607.084846296988,897
897,90146.96019240443,918221.3584987009,57994.993044458446,32129.862354337438,898
898,90125.85539879589,968608.4945390084,57456.294773507405,32513.410161949312,899
899,89969.70493545673,1024241.8073485312,56930.755115861226,32740.297857836733,900
900,89671.05297369797,1084996.4371516395,56425.48304585846,32795.26117462444,901
901,89220.7442204829,1150560.0154189535,55947.81591599178,32666.492974974477,902
902,88614.30889096626,1220395.3032705062,55505.09551066635,32346.79888209928,903
903,87851.89439276564,1293699.3424882472,55104.47098589739,31834.71536197776,904
904,86939.18634787516,1369379.8672217422,54752.67559791711,31135.39104109489,905
905,85888.066639012,1446051.5901471605,54455.78735272018,30261.066574327546,906
906,84716.85392704772,1522061.001584106,54218.98823459527,29231.00239891091,907
907,83449.9906335062,1595544.9289914044,54046.340670624035,28070.76041988639,908
908,82117.10109051042,1664523.3865621616,53940.60205263476,26810.840300811924,909
909,80751.44235344668,1727020.790173619,53903.09735787858,25484.787178117964,910
910,79387.88453599653,1781202.8163037389,53933.66553445639,24126.99597372269,911
911,78060.66150817908,1825511.0506767342,54030.687564209,22770.504729445227,912
912,76801.19229365423,1858777.0246804133,54191.194239904085,21445.069653943963,913
913,75636.26389384804,1880293.2482665728,54411.04185835842,20175.762332779374,914
914,74586.8041911378,1889846.7198666092,54685.13569851608,18982.18449476316,915
915,73667.32019327924,1887694.6293804643,55007.67830370914,17878.316923898674,916
916,72885.99522760783,1874504.7482933183,55372.41872134111,16872.88434434632,917
917,72245.30306568743,1851266.9283339637,55772.883358002306,15970.076891012808,918
918,71742.9602490151,1819197.6780847993,56202.5749277114,15170.446825739893,919
919,71373.02175345129,1779636.2715912538,56655.132889743945,14471.84886434687,920
920,71126.98175409083,1733962.2438260606,57124.45355519098,13870.301969214725,921
921,70994.7555244057,1683524.8531362137,57604.773059227526,13360.721404731356,922
922,70965.49446395888,1629592.2584424105,58090.71835232633,12937.496997302469,923
923,71028.2153496288,1573318.4206231134,58577.332437532576,12594.921374782078,924
924,71172.25381231467,1515725.110039602,59060.080026699325,12327.486773550254,925
925,71387.56680024957,1457695.748110627,59534.83912393337,12130.075077876905,926
926,71664.91420181027,1399977.8260675662,59997.88310858133,11998.066101914676,927
927,71995.94921049601,1343191.040534865,60445.85691297629,11927.386332504933,928
928,72373.24324548122,1287838.8414513795,60875.75000327618,11914.516274891346,929
929,72790.26627816753,1234321.659146623,61284.86813329347,11956.470321765933,930
930,73241.3384550594,1182950.5861640917,61670.80526290078,12050.759288845667,931
931,73721.56455174644,1133960.7040680568,62031.41660076339,12195.342656928004,932
932,74226.7592576914,1087523.5623511483,62364.79342138005,12388.57515379176,933
933,74753.36857517181,1043757.5843261717,62669.24009215561,12629.151630357754,934
934,75298.39172251336,1002742.1053448027,62943.25353831085,12916.046237851126,935
935,75859.29977616196,964520.4270735864,63185.505609812586,13248.45771658378,936
936,76433.96332639636,929111.557490056,63394.82809305019,13625.749689499075,937
937,77020.57778254927,896516.9481396924,63570.20074904975,14047.389981882963,938
938,77617.59073093272,866721.2926455005,63710.74247442961,14512.894845482526,939
939,78223.63731991213,839707.5061975764,63815.70528672111,15021.758548159716,940
940,78837.46383488082,815451.0305960169,63884.471961762865,15573.392630548273,941
941,79457.86459231113,793928.519134776,63916.55661776291,16167.055402705773,942
942,80083.61202046869,775120.053911769,63911.608674491916,16801.77848802416,943
943,80713.38716251607,759011.9519117572,63869.42013338034,17476.28866395304,944
944,81345.7087973334,745599.235080924,63789.93617200257,18188.92468036811,945
945,81978.86085237068,734887.818126326,63673.26900591159,18937.549004476798,946
946,82610.8180103884,726896.4502585506,63519.71491728125,19719.454798919396,947
947,83239.16971620065,721658.427257658,63329.77428118362,20531.26890793043,948
948,83861.04318911405,719223.0671410689,63104.17433440722,21368.852230118755,949
949,84473.02656452598,719656.9151886349,62843.89432631476,22227.199624133176,950
950,85071.09395044793,723044.6108273116,62550.192564174446,23100.342455443977,951
951,85650.53501961844,729489.308564441,62224.63471460239,23981.258077231945,952
952,86205.89279183434,739112.4966505726,61869.12254640991,24861.791966751225,953
953,86730.91451316114,752052.9998839098,61485.922096967704,25732.599913678358,954
954,87218.52201064605,768464.8875278352,61077.6900138893,26583.119549065832,955
955,87660.80956295514,788513.9363175234,60647.49656789245,27401.582527673676,956
956,88049.07909556612,812372.2278384138,60198.84355563236,28175.080662960965,957
957,88373.92421859331,840210.399811664,59735.67502249818,28889.70097227617,958
958,88625.37599477435,872187.039194404,59262.37845167383,29530.745470573704,959
959,88793.12392224753,908435.7267706477,58783.77381484852,30083.048306120196,960
960,88866.82212096872,949043.3967894173,58305.08784937826,30531.416199793846,961
961,88836.50404917212,994034.6370265556,57831.910156536054,30861.172263038152,962
962,88693.0824195742,1043342.670902237,57370.129357529906,31058.82591895176,963
963,88428.95527648165,1096782.4155028653,56925.84656606582,31112.837936889406,964
964,88038.68450295522,1154021.5671115262,56505.26508571405,31014.445906729172,965
965,87519.71099244323,1214553.3517671323,56114.55652319226,30758.49092852498,966
966,86873.04745171723,1277674.6428135887,55759.70550299241,30344.164666238317,967
967,86103.87016923074,1342473.9636941117,55446.3376820935,29775.57983749737,968
968,85221.91751959089,1407835.1972956122,55179.5386085906,29062.060362336953,969
969,84241.59897092756,1472457.3132101113,54963.67392086732,28218.072551445275,970
970,83181.7464723126,1534895.5341447364,54802.22319833382,27262.74496756451,971
971,82064.96816589832,1593633.7690830515,54697.64089537208,26218.953292004877,972
972,80916.59418737696,1647159.8641639743,54651.25846403785,25112.079268719597,973
973,79763.33773275746,1694059.2347081804,54663.236913651555,23968.548698843762,974
974,78631.78561249533,1733105.9251980644,54732.57570767788,22814.324026064558,975
975,77546.89973374245,1763341.4981432436,54857.1777051173,21673.52939006516,976
976,76530.70709518246,1784131.625434425,55033.96376067183,20567.357902741896,977
977,75601.32166341372,1795193.7660670115,55259.0254999008,19513.354801093363,978
978,74772.38030099416,1796594.1136485196,55527.801638500736,18525.101955465347,979
979,74052.90359396608,1788716.8363122474,55835.26246138412,17612.266683555663,980
980,73447.52914493979,1772212.3453155174,56176.08855677259,16780.934220470797,981
981,72957.02277724339,1747933.2253673398,56544.832974088415,16034.123876059663,982
982,72578.95685014808,1716866.4699662626,56936.0597856177,15372.39154298078,983
983,72308.45132859847,1680069.2262942884,57344.455778819385,14794.438704022345,984
984,72138.89448284173,1638613.0452978117,57764.91512417199,14297.672155988692,985
985,72062.58728016067,1593539.3060335529,58192.59908358548,13878.682557516786,986
986,72071.28164110225,1545826.4980004104,58622.97413103542,13533.629518865122,987
987,72156.60364990054,1496368.620948622,59051.832396484744,13258.534732975046,988
988,72310.36712945979,1445961.157684034,59475.29833077131,13049.495263074343,989
989,72524.79359384564,1395303.549351551,59889.82500068669,12902.81930316695,990
990,72792.64430385364,1344992.4289996838,60292.183530689486,12815.117449999378,991
991,73107.30098068886,1295528.738049717,60679.447575873346,12783.349469029896,992
992,73462.79704490324,1247328.3936407324,61048.97492707604,12804.836762689949,993
993,73853.811689766,1200725.2619551576,61398.38794024786,12877.26026306224,994
994,74275.64820331009,1155990.681542894,61725.55348003035,12998.631265857088,995
995,74724.18474588744,1113332.9784413269,62028.56389073911,13167.263967439934,996
996,75195.82785817905,1072911.5244252929,62305.718889782096,13381.73518028579,997
997,75687.45407006789,1034844.1873362629,62555.509173561055,13640.84063083994,998
998,76196.34980440099,999215.0218548169,62776.601983202214,13943.548008529291,999
999,76720.14999173151,966081.1707277431,62967.82886656207,14288.947496650311,1000
